-0.0658661698125
0.00598483840913
0.0791541570465
0.0760954999911
0.0913766086443
0.0416751620061
0.124958330261
0.0815099902013
0.000928424638116
0.0860463448713
0.0143846721209
0.201339168409
0.214090334586
0.101660466195
0.106373615539
0.20798372904
0.105026236746
0.109800290184
0.121665516363
0.163167425685
0.228831487743
0.306010585041
0.165273160549
0.324063114736
0.253636257949
0.332475817232
0.325512906821
0.203631298951
0.310866032919
0.215558506241
0.201422192388
0.288919707348
0.374008926291
0.342000711332
0.276724808445
0.415825308128
0.439704662927
0.313717541671
0.365197633384
0.412368150071
0.474487364917
0.328512972099
0.423111105592
0.515115200262
0.452277926677
0.482923129383
0.503413921439
0.458761054651
0.424179419262
0.493106565099
0.489443287001
0.461188504897
0.572047335804
0.482440811045
0.515130868122
0.579243623842
0.598179514561
0.621926181561
0.582500728862
0.511015337712
0.638236577904
0.658817879504
0.628046000902
0.646569095963
0.60391423296
0.607855628507
0.633596034998
0.554335048021
0.667868148459
0.71265365186
0.580974746334
0.706392822872
0.704371854736
0.594787792856
0.588115875451
0.704361375486
0.636366324725
0.661687804632
0.731059859279
0.744029709079
0.770580461037
0.741368284247
0.701295928148
0.643801967176
0.670777097202
0.693136585823
0.766151905805
0.811564763862
0.715744121719
0.758178087954
0.873708513086
0.772684482066
0.841262571517
0.828295955147
0.84244378904
0.811655933892
0.831066483804
0.86786875561
0.765497501139
0.898509738398
