5.000000e-03 4.232023e-02
1.500000e-02 4.386448e-02
2.500000e-02 4.746464e-02
3.500000e-02 5.257889e-02
4.500000e-02 5.860282e-02
5.500000e-02 6.508991e-02
6.500000e-02 7.186867e-02
7.500000e-02 7.900787e-02
8.500000e-02 8.666126e-02
9.500000e-02 9.488492e-02
1.050000e-01 1.035314e-01
1.150000e-01 1.122814e-01
1.250000e-01 1.207990e-01
1.350000e-01 1.289302e-01
1.450000e-01 1.368407e-01
1.550000e-01 1.450162e-01
1.650000e-01 1.541138e-01
1.750000e-01 1.647210e-01
1.850000e-01 1.771158e-01
1.950000e-01 1.911201e-01
2.050000e-01 2.060960e-01
2.150000e-01 2.210830e-01
2.250000e-01 2.350316e-01
2.350000e-01 2.470648e-01
2.450000e-01 2.566993e-01
2.550000e-01 2.639728e-01
2.650000e-01 2.694447e-01
2.750000e-01 2.740644e-01
2.850000e-01 2.789376e-01
2.950000e-01 2.850515e-01
3.050000e-01 2.930380e-01
3.150000e-01 3.030486e-01
3.250000e-01 3.147748e-01
3.350000e-01 3.275996e-01
3.450000e-01 3.408173e-01
3.550000e-01 3.538422e-01
3.650000e-01 3.663390e-01
3.750000e-01 3.782431e-01
3.850000e-01 3.896832e-01
3.950000e-01 4.008475e-01
4.050000e-01 4.118515e-01
4.150000e-01 4.226574e-01
4.250000e-01 4.330719e-01
4.350000e-01 4.428235e-01
4.450000e-01 4.516846e-01
4.550000e-01 4.595923e-01
4.650000e-01 4.667166e-01
4.750000e-01 4.734492e-01
4.850000e-01 4.803150e-01
4.950000e-01 4.878391e-01
5.050000e-01 4.964151e-01
5.150000e-01 5.062142e-01
5.250000e-01 5.171590e-01
5.350000e-01 5.289586e-01
5.450000e-01 5.411888e-01
5.550000e-01 5.533869e-01
5.650000e-01 5.651331e-01
5.750000e-01 5.760976e-01
5.850000e-01 5.860499e-01
5.950000e-01 5.948455e-01
6.050000e-01 6.024133e-01
6.150000e-01 6.087629e-01
6.250000e-01 6.140075e-01
6.350000e-01 6.183786e-01
6.450000e-01 6.222024e-01
6.550000e-01 6.258283e-01
6.650000e-01 6.295294e-01
6.750000e-01 6.334245e-01
6.850000e-01 6.374678e-01
6.950000e-01 6.415219e-01
7.050000e-01 6.454855e-01
7.150000e-01 6.494117e-01
7.250000e-01 6.535502e-01
7.350000e-01 6.582780e-01
7.450000e-01 6.639394e-01
7.550000e-01 6.706635e-01
7.650000e-01 6.782481e-01
7.750000e-01 6.861776e-01
7.850000e-01 6.937836e-01
7.950000e-01 7.004953e-01
8.050000e-01 7.060760e-01
8.150000e-01 7.107457e-01
8.250000e-01 7.151318e-01
8.350000e-01 7.200672e-01
8.450000e-01 7.263160e-01
8.550000e-01 7.343339e-01
8.650000e-01 7.441471e-01
8.750000e-01 7.553732e-01
8.850000e-01 7.673541e-01
8.950000e-01 7.793340e-01
9.050000e-01 7.906211e-01
9.150000e-01 8.006936e-01
9.250000e-01 8.092437e-01
9.350000e-01 8.161696e-01
9.450000e-01 8.215344e-01
9.550000e-01 8.255092e-01
9.650000e-01 8.283131e-01
9.750000e-01 8.301624e-01
9.850000e-01 8.312338e-01
9.950000e-01 8.316434e-01
